points (-2,-1) (4,2) (4,0) (2,2) (8,6)
points (-2.09,-0.92) (4.67,1.34) (3.24,0.78) (2.89,2.44) (8.11,5.99)
points (-2.76,-1.21) (4.45,2.11) (4.02,0.92) (2.31,2.67) (8.56,6.78)
points (-2.57,-0.67) (4.89,1.76) (3.45,0.33) (2.78,2.89) (7.45,6.11)
points (-2.11,-1.45) (4.23,1.22) (3.67,0.99) (2.34,2.11) (8.22,5.67)
points (-2.89,-1.34) (4.56,2.67) (3.11,0.67) (2.67,2.78) (7.99,6.45)
points (-1.23,-2.67) (3.67,0.56) (4.78,1.99) (1.22,3.45) (7.34,6.78)
points (-1.99,-1.11) (3.56,1.45) (4.23,2.78) (1.11,3.67) (7.67,6.22)
points (-1.67,-2.45) (3.45,0.89) (4.11,1.67) (1.45,3.11) (7.99,6.56)
points (-1.45,-1.89) (3.89,1.11) (4.56,2.34) (1.34,3.89) (7.45,6.67)
points (-2.34,-1.56) (4.11,2.67) (3.89,0.45) (1.67,3.34) (8.34,6.11)
points (-2.67,-1.11) (4.45,1.99) (3.67,0.56) (1.99,3.67) (8.11,6.45)
points (-2.11,-1.99) (4.34,2.45) (3.11,0.45) (1.45,3.56) (7.67,6.34)
points (-1.78,-2.34) (3.89,0.67) (4.67,2.22) (1.34,3.78) (8.22,6.78)
points (-1.56,-1.45) (3.45,2.34) (4.11,0.67) (1.78,3.45) (8.56,6.99)
points (-2.45,-2.11) (4.22,1.67) (3.78,0.89) (1.56,3.89) (7.99,6.22)
points (-2.78,-1.34) (4.11,2.45) (3.45,0.78) (1.67,3.45) (7.45,6.34)
points (-2.11,-1.67) (4.45,1.45) (3.89,2.22) (1.45,3.56) (8.34,6.67)
points (-1.99,-2.22) (3.56,0.78) (4.22,1.45) (1.11,3.67) (7.67,6.11)
points (-1.34,-2.78) (3.45,1.67) (4.45,0.67) (1.22,3.22) (8.11,6.45)
points (-1.45,-1.99) (3.78,2.34) (4.11,0.89) (1.67,3.67) (7.99,6.78)
points (-2.22,-1.45) (4.11,1.99) (3.67,0.67) (1.99,3.45) (7.45,6.67)
points (-2.34,-2.22) (4.45,1.22) (3.45,0.78) (1.78,3.78) (8.22,6.22)
points (-2.45,-1.67) (4.23,2.45) (3.11,0.45) (1.45,3.56) (8.34,6.67)
points (-1.67,-1.99) (3.67,1.45) (4.56,2.34) (1.56,3.45) (7.67,6.78)
points (-1.45,-2.45) (3.45,0.89) (4.11,1.67) (1.99,3.11) (7.99,6.56)
points (-2.34,-2.11) (4.11,2.67) (3.89,0.45) (1.67,3.34) (8.34,6.11)
points (-2.67,-1.11) (4.45,1.99) (3.67,0.56) (1.99,3.67) (8.11,6.45)