maria 3.15 jose 4 8 -1 12.7 (-1,-1) julia (-0.5,-0.5)
74.5 3.15 jose 4 8 -1 12.7 (8,2) carlos (-0.5,-0.5)
ana 2.7 pedro 5 7 -3 15.2 (2.5,-3.7) sofia (-2.1,-4.6)
55.2 1.8 miguel 6 9 -2 11.5 (3.8,1.4) lara (-1.9,0.9)
lucas 4.3 isabella 2 6 -4 14.9 (-0.3,-2.8) ana (-2.7,2.1)
41.9 5.6 sophia 8 3 -5 13.4 (-3.6,-0.9) enzo (0.6,4.2)
carolina 2.9 gabriel 7 2 -3 16.8 (-3.1,-2.2) larissa (2.2,-1.3)
61.8 4.8 matheus 5 5 -2 10.9 (1.9,0.8) luiza (-1.7,-2.7)
ana 2.7 pedro 5 7 -3 15.2 (2.5,-3.7) sofia (-2.1,-4.6)
55.2 1.8 miguel 6 9 -2 11.5 (3.8,1.4) lara (-1.9,0.9)
lucas 4.3 isabella 2 6 -4 14.9 (-0.3,-2.8) ana (-2.7,2.1)
41.9 5.6 sophia 8 3 -5 13.4 (-3.6,-0.9) enzo (0.6,4.2)
carolina 2.9 gabriel 7 2 -3 16.8 (-3.1,-2.2) larissa (2.2,-1.3)
61.8 4.8 matheus 5 5 -2 10.9 (1.9,0.8) luiza (-1.7,-2.7)
ana 2.7 pedro 5 7 -3 15.2 (2.5,-3.7) sofia (-2.1,-4.6)
55.2 1.8 miguel 6 9 -2 11.5 (3.8,1.4) lara (-1.9,0.9)
lucas 4.3 isabella 2 6 -4 14.9 (-0.3,-2.8) ana (-2.7,2.1)
41.9 5.6 sophia 8 3 -5 13.4 (-3.6,-0.9) enzo (0.6,4.2)
carolina 2.9 gabriel 7 2 -3 16.8 (-3.1,-2.2) larissa (2.2,-1.3)
61.8 4.8 matheus 5 5 -2 10.9 (1.9,0.8) luiza (-1.7,-2.7)
ana 2.7 pedro 5 7 -3 15.2 (2.5,-3.7) sofia (-2.1,-4.6)
55.2 1.8 miguel 6 9 -2 11.5 (3.8,1.4) lara (-1.9,0.9)
lucas 4.3 isabella 2 6 -4 14.9 (-0.3,-2.8) ana (-2.7,2.1)
41.9 5.6 sophia 8 3 -5 13.4 (-3.6,-0.9) enzo (0.6,4.2)
carolina 2.9 gabriel 7 2 -3 16.8 (-3.1,-2.2) larissa (2.2,-1.3)
61.8 4.8 matheus 5 5 -2 10.9 (1.9,0.8) luiza (-1.7,-2.7)
